Gemini/Troy^2050.0^tarsus.begin 17400.000000 0.000000 -11200.000000
0 mission data  18
31337ness 2 0.050000 0.050000 
freetrader_campaign 1 0.000000 
436457r1K3574r7uP71m35 1 182.000000 
stardate 1 153.825607 
unit_to_dock_with 13 12.000000 109.000000 105.000000 110.000000 105.000000 110.000000 103.000000 95.000000 98.000000 97.000000 115.000000 101.000000 0.000000 
visited_Gemini/Freyja 1 1.000000 
visited_Gemini/Junction 1 1.000000 
visited_Gemini/Pentonville 1 1.000000 
visited_Gemini/Prasepe 1 1.000000 
visited_Gemini/CM-N1054 1 1.000000 
visited_Gemini/Penders_Star 1 1.000000 
visited_Gemini/Pyrenees 1 1.000000 
visited_Gemini/Troy 1 1.000000 
visited_Gemini/Padre 1 1.000000 
visited_Gemini/Pollux 1 1.000000 
visited_Gemini/Varnus 1 1.000000 
visited_Gemini/119ce 1 1.000000 
humboldt_map 1 1.000000 
0 missionstring data 0
0 python data 1 0  
0 news data 1
0 factions begin 1.000000 0.000000 0.000000 0.000000 0.000000 0.000000 0.000000 0.000000 0.000000 0.000000 0.000000 0.000000 0.000000 0.000000 0.000000 0.000000 0.000000 0.000000 0.000000 0.000000 0.000000 0.000000 0.000000 0.000000 0.000000 
0.000000 1.000000 -1.000000 0.200000 1.000000 -1.000000 -1.000000 0.300000 1.000000 -1.000000 0.700000 1.000000 1.000000 0.000000 0.000000 0.000000 0.000000 0.000000 0.000000 0.000000 0.000000 0.000000 0.000000 0.000000 -1.000000 
0.000000 -1.000000 1.000000 -0.800000 -1.000000 0.200000 -1.000000 -1.000000 -1.000000 0.000000 -1.000000 -1.000000 -0.900000 -0.390625 0.000000 0.000000 0.000000 0.000000 0.000000 0.000000 0.000000 0.000000 0.000000 0.000000 -0.100000 
0.000000 0.150000 -0.800000 1.000000 0.300000 -0.500000 -0.700000 0.000000 0.050000 0.000000 0.050000 0.050000 0.050000 0.050000 0.000000 0.000000 0.000000 0.000000 0.000000 0.000000 0.000000 0.000000 0.000000 0.000000 -1.000000 
0.000000 0.100000 -1.000000 0.200000 1.000000 -0.800000 -1.000000 0.500000 0.700000 -0.100000 0.000000 0.050000 0.100000 0.000000 0.000000 0.000000 0.000000 0.000000 0.000000 0.000000 0.000000 0.000000 0.000000 0.000000 0.100000 
0.000000 -1.000000 0.010000 -1.000000 -1.000000 1.000000 -0.001000 -1.000000 -1.000000 0.000000 -0.100000 -0.400000 -0.800000 -1.000000 0.000000 0.000000 0.000000 0.000000 0.000000 0.000000 0.000000 0.000000 0.000000 0.000000 -1.000000 
0.000000 -1.000000 -1.000000 -1.000000 -1.000000 -1.000000 1.000000 -1.000000 -1.000000 -0.100000 0.600000 -0.050000 -1.000000 -0.390625 0.000000 -1.000000 0.000000 0.000000 0.000000 0.000000 0.000000 0.000000 0.000000 0.000000 0.000000 
0.000000 0.600000 -1.000000 0.000000 1.000000 -1.000000 -1.000000 1.000000 0.400000 -0.100000 0.050000 0.050000 0.100000 0.000000 0.000000 0.000000 0.000000 0.000000 0.000000 0.000000 0.000000 0.000000 0.000000 0.000000 -0.100000 
0.000000 1.000000 -1.000000 0.050000 1.000000 -1.000000 -1.000000 0.000000 1.000000 -0.100000 -0.050000 0.100000 0.000000 0.000000 0.000000 0.000000 0.000000 0.000000 0.000000 0.000000 0.000000 0.000000 0.000000 0.000000 -1.000000 
0.000000 -1.000000 -0.001000 -1.000000 -1.000000 1.000000 -1.000000 -1.000000 -1.000000 1.000000 -1.000000 -1.000000 0.000000 -1.000000 0.000000 0.000000 0.000000 0.000000 0.000000 0.000000 0.000000 0.000000 0.000000 0.000000 -1.000000 
0.000000 0.050000 -1.000000 0.000000 0.000000 -0.400000 0.100000 -0.100000 0.000000 0.000000 1.000000 1.000000 0.000000 0.000000 0.000000 0.000000 0.000000 0.000000 0.000000 0.000000 0.000000 0.000000 0.000000 0.000000 0.000000 
0.000000 0.200000 -1.000000 0.100000 0.300000 -1.000000 -0.050000 0.100000 0.400000 0.000000 0.300000 1.000000 0.000000 0.050000 0.000000 0.000000 0.000000 0.000000 0.000000 0.000000 0.000000 0.000000 0.000000 0.000000 0.000000 
0.000000 0.200000 -1.000000 0.100000 0.300000 -1.000000 -0.050000 0.100000 0.400000 0.000000 0.300000 0.000000 1.000000 0.050000 0.000000 0.000000 0.000000 0.000000 0.000000 0.000000 0.000000 0.000000 0.000000 0.000000 0.000000 
0.000000 0.000000 -0.390625 0.050000 0.000000 -1.000000 -0.390625 0.000000 0.000000 -1.000000 0.000000 0.050000 0.050000 1.000000 0.010000 0.000000 0.000000 -0.050000 -0.050000 -0.050000 -0.050000 0.500000 -0.050000 0.500000 0.000000 
0.000000 0.000000 0.000000 0.000000 0.000000 0.000000 0.000000 0.000000 0.000000 0.000000 0.000000 0.000000 0.000000 0.010000 1.000000 0.000000 0.000000 0.000000 0.000000 0.000000 0.000000 0.000000 0.000000 0.000000 0.000000 
0.000000 0.000000 0.000000 0.000000 0.000000 0.000000 -1.000000 0.000000 0.000000 0.000000 0.000000 0.000000 0.000000 0.000000 0.000000 1.000000 0.000000 0.000000 0.000000 0.000000 0.000000 0.000000 0.000000 0.000000 0.000000 
0.000000 0.000000 0.000000 0.000000 0.000000 0.000000 0.000000 0.000000 0.000000 0.000000 0.000000 0.000000 0.000000 0.000000 0.000000 0.000000 1.000000 0.000000 0.000000 0.000000 0.000000 0.000000 0.000000 0.000000 0.000000 
0.000000 0.000000 0.000000 0.000000 0.000000 0.000000 0.000000 0.000000 0.000000 0.000000 0.000000 0.000000 0.000000 -10.000000 0.000000 0.000000 0.000000 1.000000 0.000000 0.000000 0.000000 0.000000 0.000000 0.000000 0.000000 
0.000000 0.000000 0.000000 0.000000 0.000000 0.000000 0.000000 0.000000 0.000000 0.000000 0.000000 0.000000 0.000000 -10.000000 0.000000 0.000000 0.000000 0.000000 1.000000 0.000000 0.000000 0.000000 0.000000 0.000000 0.000000 
0.000000 0.000000 0.000000 0.000000 0.000000 0.000000 0.000000 0.000000 0.000000 0.000000 0.000000 0.000000 0.000000 -10.000000 0.000000 0.000000 0.000000 0.000000 0.000000 1.000000 0.000000 0.000000 0.000000 0.000000 0.000000 
0.000000 0.000000 0.000000 0.000000 0.000000 0.000000 0.000000 0.000000 0.000000 0.000000 0.000000 0.000000 0.000000 -10.000000 0.000000 0.000000 0.000000 0.000000 0.000000 0.000000 1.000000 0.000000 0.000000 0.000000 0.000000 
0.000000 0.000000 0.000000 0.000000 0.000000 0.000000 0.000000 0.000000 0.000000 0.000000 0.000000 0.000000 0.000000 0.500000 0.000000 0.000000 0.000000 0.000000 0.000000 0.000000 0.000000 1.000000 0.000000 0.000000 0.000000 
0.000000 0.000000 0.000000 0.000000 0.000000 0.000000 0.000000 0.000000 0.000000 0.000000 0.000000 0.000000 0.000000 -10.000000 0.000000 0.000000 0.000000 0.000000 0.000000 0.000000 0.000000 0.000000 1.000000 0.000000 0.000000 
0.000000 0.000000 0.000000 0.000000 0.000000 0.000000 0.000000 0.000000 0.000000 0.000000 0.000000 0.000000 0.000000 0.500000 0.000000 0.000000 0.000000 0.000000 0.000000 0.000000 0.000000 0.000000 0.000000 1.000000 0.000000 
0.000000 -1.000000 -1.000000 -0.800000 1.000000 -1.000000 0.000000 -1.000000 -1.000000 0.000000 0.000000 0.000000 0.000000 0.000000 0.000000 0.000000 0.000000 0.000000 0.000000 0.000000 0.000000 0.000000 0.000000 0.000000 1.000000 
